1 1
2 1
3 1
1 2
2 2
3 2
4 2
1 3
2 3
3 3
4 3
5 3
2 4
3 4
6 4
6 4


Tsp:

0 2 10 9
2 0 3 12
10 3 0 5
9 12 5 0

0 2 8 12
2 0 3 9
10 5 0 5
12 7 5 0

0 10 15 20
10 0 35 25
15 35 0 30
20 25 30 0


Job Assignment:

5 3 9 12
2 1 3 5
10 2 9 4
5 2 5 2

closest Pair:

1 1
1 2
1 4
1 3
3 1
2 4
3 5

10 1
13 2
1 4
15 3
3 1
2 14
23 5

2 3
12 30
40 50
5 1
12 10
3 4

knap Sack:

3 10
2 20
5 15
8 30
7 25

10 60
20 100
30 120

o/p : 220



multi stage graph:

0 3 2 1 0 0 0 
3 0 0 0 4 3 0
2 0 0 0 2 6 0
1 0 0 0 0 5 0
0 4 2 0 0 0 2
0 0 6 5 0 0 4
0 0 0 0 2 4 0


mst:

0 2 0 6 0
2 0 3 8 5
0 3 0 0 7
6 8 0 0 9
0 5 7 9 0